image: demo_arena_map.pgm
resolution: 0.035000
origin: [-17.937500, -17.937500, 0.000000]
negate: 0
occupied_thresh: 0.65
free_thresh: 0.196

